0.0, 3.5E-7
0.002, -2.317365740884285E-7
0.004, -3.826648466204905E-8
0.006, 2.7918768981300603E-7
0.008, -3.3196836353248876E-7
0.01, 1.6428919766274994E-7
0.012, 1.0979995476033487E-7
0.014, -3.074032620854398E-7
0.016, 2.9879269893229633E-7
0.018000000000000002, -9.253437766319942E-8
0.020000000000000004, -1.7210389143180823E-7
0.022000000000000006, 3.19149443646118E-7
0.024000000000000007, -2.5290933925976435E-7
0.02600000000000001, 2.0192339282148606E-8
0.02800000000000001, 2.2265440106190255E-7
0.030000000000000013, -3.147525767950372E-7
0.032000000000000015, 1.972392352191923E-7
0.034000000000000016, 4.919077362502953E-8
0.03600000000000002, -2.5963599037692556E-7
0.03800000000000002, 2.9530541275657845E-7
0.04000000000000002, -1.350196712698061E-7
0.04200000000000002, -1.1240567915758326E-7
0.044000000000000025, 2.8199117767240465E-7
0.04600000000000003, -2.625722897470307E-7
0.04800000000000003, 6.962978005938511E-8
0.05000000000000003, 1.6671750905107827E-7
0.05200000000000003, -2.894305801987252E-7
0.054000000000000034, 2.188668514058309E-7
0.056000000000000036, -4.418668924661833E-9
0.05800000000000004, -2.0997282355679358E-7
0.06000000000000004, 2.8240514019110233E-7
0.06200000000000004, -1.6690974114499522E-7
0.06400000000000004, -5.745563468720478E-8
0.06600000000000004, 2.4067255411085565E-7
0.06800000000000005, -2.620439006838169E-7
0.07000000000000005, 1.0967427573546056E-7
0.07200000000000005, 1.1316918452722489E-7
0.07400000000000005, -2.5800918605572257E-7
0.07600000000000005, 2.300622299651814E-7
0.07800000000000006, -5.0228249514775117E-8
0.08000000000000006, -1.6035110019622818E-7
0.08200000000000006, 2.6186832270363017E-7
0.08400000000000006, -1.886465622516469E-7
0.08600000000000006, -8.42023536824156E-9
0.08800000000000006, 1.9717406318286343E-7
0.09000000000000007, -2.5279649458751055E-7
0.09200000000000007, 1.4032253248747959E-7
0.09400000000000007, 6.346564281922256E-8
0.09600000000000007, -2.2241347977206054E-7
0.09800000000000007, 2.319386159478432E-7
0.10000000000000007, -8.781381526333704E-8
0.10200000000000008, -1.1243025556726372E-7
0.10400000000000008, 2.3547414329235776E-7
0.10600000000000008, -2.0094977967270438E-7
0.10800000000000008, 3.389903130592237E-8
0.11000000000000008, 1.5326668208548225E-7
0.11200000000000009, -2.3638487054298276E-7
0.11400000000000009, 1.6188707298372993E-7
0.11600000000000009, 1.872622215782632E-8
0.11800000000000009, -1.8443387693707802E-7
0.12000000000000009, 2.2576311710107105E-7
0.1220000000000001, -1.1708775723085057E-7
0.1240000000000001, -6.757579405354958E-8
0.12600000000000008, 2.049444241844239E-7
0.12800000000000009, -2.0475292536940184E-7
0.1300000000000001, 6.904047208534535E-8
0.1320000000000001, 1.104823427474322E-7
0.1340000000000001, -2.1438235200978903E-7
0.1360000000000001, 1.7494067198818908E-7
0.1380000000000001, -2.0256100551442263E-8
0.1400000000000001, -1.4568525648970077E-7
0.1420000000000001, 2.1289221806217618E-7
0.1440000000000001, -1.382539164192264E-7
0.1460000000000001, -2.6855413736402448E-8
0.1480000000000001, 1.7189402789423895E-7
0.1500000000000001, -2.0114156035282293E-7
0.1520000000000001, 9.684918466557124E-8
0.1540000000000001, 7.009663724084352E-8
0.1560000000000001, -1.8832534070145356E-7
0.1580000000000001, 1.8025998825969827E-7
0.16000000000000011, -5.299474186628052E-8
0.16200000000000012, -1.0757781789583971E-7
0.16400000000000012, 1.9471349891079905E-7
0.16600000000000012, -1.5175914462068417E-7
0.16800000000000012, 8.954321237776455E-9
0.17000000000000012, 1.3779192710463546E-7
0.17200000000000013, -1.91295143464624E-7
0.17400000000000013, 1.1743846869856975E-7
0.17600000000000013, 3.312259461469785E-8
0.17800000000000013, -1.5966702330530752E-7
0.18000000000000013, 1.787703992232048E-7
0.18200000000000013, -7.928211107261608E-8
0.18400000000000014, -7.129896705246105E-8
0.18600000000000014, 1.7259462852291366E-7
0.18800000000000014, -1.5824362322373584E-7
0.19000000000000014, 3.935248990176611E-8
0.19200000000000014, 1.0393272716078748E-7
0.19400000000000014, -1.7643404581228451E-7
0.19600000000000015, 1.3114774343020504E-7
0.19800000000000015, 3.1415780306254347E-10
0.20000000000000015, -1.2974047832068758E-7
0.20200000000000015, 1.7149371814267317E-7
0.20400000000000015, -9.915675705117765E-8
0.20600000000000016, -3.780526473548251E-8
0.20800000000000016, 1.4784030623846876E-7
0.21000000000000016, -1.5849178459772905E-7
0.21200000000000016, 6.409128383992346E-8
0.21400000000000016, 7.141810502901118E-8
0.21600000000000016, -1.577727546736659E-7
0.21800000000000017, 1.384988828867638E-7
0.22000000000000017, -2.7822140551830965E-8
0.22200000000000017, -9.973107952460623E-8
0.22400000000000017, 1.595001370411126E-7
0.22600000000000017, -1.1286694353429629E-7
0.22800000000000017, -7.823271603179023E-9
0.23000000000000018, 1.2165746247315567E-7
0.23200000000000018, -1.5338539717451283E-7
0.23400000000000018, 8.314819762200774E-8
0.23600000000000018, 4.1147372287871384E-8
0.23800000000000018, -1.364799539804857E-7
0.24000000000000019, 1.4015265990377606E-7
0.2420000000000002, -5.1008865427160406E-8
0.2440000000000002, -7.065779534018688E-8
0.2460000000000002, 1.438654050750419E-7
0.2480000000000002, -1.208323849715956E-7
0.25000000000000017, 1.814200839252189E-8
0.25200000000000017, 9.512870739096886E-8
0.25400000000000017, -1.43860079913798E-7
0.25600000000000017, 9.669462706602913E-8
0.2580000000000002, 1.3816176611556341E-8
0.2600000000000002, -1.1364583963595907E-7
0.2620000000000002, 1.3686674523872367E-7
0.2640000000000002, -6.917429175213829E-8
0.2660000000000002, -4.336274202457759E-8
0.2680000000000002, 1.2563393225074983E-7
0.2700000000000002, -1.2360568971443154E-7
0.2720000000000002, 3.9792454058610566E-8
0.2740000000000002, 6.91937414950049E-8
0.2760000000000002, -1.3086621609841413E-7
0.2780000000000002, 1.0506244190516326E-7
0.2800000000000002, -1.0077776263876016E-8
0.2820000000000002, -9.025673398074234E-8
0.2840000000000002, 1.2945644940328886E-7
0.2860000000000002, -8.242545100190915E-8
0.2880000000000002, -1.850816322904732E-8
0.2900000000000002, 1.0578821104278944E-7
0.2920000000000002, -1.2183484629670156E-7
0.2940000000000002, 5.70173042237817E-8
0.2960000000000002, 4.46382156268643E-8
0.2980000000000002, -1.1533495032016111E-7
0.3000000000000002, 1.087099438177718E-7
0.3020000000000002, -3.0223174148297795E-8
0.3040000000000002, -6.717680957726471E-8
0.3060000000000002, 1.1875913329112858E-7
0.3080000000000002, -9.101902556210856E-8
0.3100000000000002, 3.4201226492633224E-9
0.3120000000000002, 8.522468041247844E-8
0.3140000000000002, -1.1622786292599127E-7
0.3160000000000002, 6.987013346656893E-8
0.3180000000000002, 2.2089351002581468E-8
0.32000000000000023, -9.814968431535685E-8
0.32200000000000023, 1.0818844002836094E-7
0.32400000000000023, -4.6478942744384045E-8
0.32600000000000023, -4.513652097912017E-8
0.32800000000000024, 1.0560295837425125E-7
0.33000000000000024, -9.533137486170627E-8
0.33200000000000024, 2.2103846157895525E-8
0.33400000000000024, 6.473592274057523E-8
0.33600000000000024, -1.0752043959420301E-7
0.33800000000000024, 7.854359879450328E-8
0.34000000000000025, 2.017501434991767E-9
0.34200000000000025, -8.012324343604644E-8
0.34400000000000025, 1.0411046643923987E-7
0.34600000000000025, -5.885468252010038E-8
0.34800000000000025, -2.4727175309126117E-8
0.35000000000000026, 9.078040586155331E-8
0.35200000000000026, -9.58288231437671E-8
0.35400000000000026, 3.7379054279965695E-8
0.35600000000000026, 4.499888727736751E-8
0.35800000000000026, -9.644732492060636E-8
0.36000000000000026, 8.334312294464628E-8
0.36200000000000027, -1.5257242802341242E-8
0.36400000000000027, -6.198067071234714E-8
0.36600000000000027, 9.712049132006308E-8
0.36800000000000027, -6.74888410033743E-8
0.3700000000000003, -6.40094768364357E-9
0.3720000000000003, 7.502677287643982E-8
0.3740000000000003, -9.303916870130644E-8
0.3760000000000003, 4.9219587574769655E-8
0.3780000000000003, 2.656867519023162E-8
0.3800000000000003, -8.371779310368913E-8
0.3820000000000003, 8.466054929252907E-8
0.3840000000000003, -2.9554350686514946E-8
0.3860000000000003, -4.4347422739057464E-8
0.3880000000000003, 8.786872872110248E-8
0.3900000000000003, -7.262567627598584E-8
0.3920000000000003, 9.524436168058642E-9
0.3940000000000003, 5.900365698212588E-8
0.3960000000000003, -8.75251964170887E-8
0.3980000000000003, 5.7718291113790325E-8
0.4000000000000003, 9.877300991185325E-9
0.4020000000000003, -6.999547594314055E-8
0.4040000000000003, 8.294865658721159E-8
0.4060000000000003, -4.081899022161872E-8
0.4080000000000003, -2.7742592550827724E-8
0.4100000000000003, 7.69884966114192E-8
0.4120000000000003, -7.459195732247128E-8
0.4140000000000003, 2.285717338045222E-8
0.4160000000000003, 4.3287271351563155E-8
0.4180000000000003, -7.986079662294119E-8
0.4200000000000003, 6.306691324163498E-8
0.4220000000000003, -4.763238355501167E-9
0.4240000000000003, -5.58826051971284E-8
0.4260000000000003, 7.869726609948209E-8
0.4280000000000003, -4.910592788257515E-8
0.4300000000000003, -1.2576669441249581E-8
0.43200000000000033, 6.50773736923689E-8
0.43400000000000033, -7.377422074977022E-8
0.43600000000000033, 3.351984831540076E-8
0.43800000000000033, 2.836129326798024E-8
0.44000000000000034, -7.061011975723743E-8
0.44200000000000034, 6.553555406217442E-8
0.44400000000000034, -1.7154304475052374E-8
0.44600000000000034, -4.190856463737307E-8
0.44800000000000034, 7.241151576796451E-8
0.45000000000000034, -5.456204783387405E-8
0.45200000000000035, 8.46736640676528E-10
0.45400000000000035, 5.268224510313326E-8
0.45600000000000035, -7.059726775334722E-8
0.45800000000000035, 4.153570444428125E-8
0.46000000000000035, 1.4613838933169709E-8
0.46200000000000035, -6.031003311546E-8
0.46400000000000036, 6.545241764336701E-8
0.46600000000000036, -2.7201104624578782E-8
0.46800000000000036, -2.85225208920806E-8
0.47000000000000036, 6.459272119093383E-8
0.47200000000000036, -5.740827459117723E-8
0.47400000000000037, 1.232582984553625E-8
0.47600000000000037, 4.028818384507108E-8
0.47800000000000037, -6.55044459731107E-8
0.48000000000000037, 4.701349740394102E-8
0.4820000000000004, 2.3380771735146646E-9
0.4840000000000004, -4.9455997160917664E-8
0.4860000000000004, 6.318450412773189E-8
0.4880000000000004, -3.4901051347978653E-8
0.4900000000000004, -1.6089798233193572E-8
0.4920000000000004, 5.5722096571196666E-8
0.4940000000000004, -5.792159096273893E-8
0.4960000000000004, 2.1752869155413034E-8
0.4980000000000004, 2.8310993610051167E-8
0.5000000000000003, -5.894012324471667E-8
0.5020000000000003, 5.013164008021469E-8
0.5040000000000003, -8.264057927666014E-9
0.5060000000000003, -3.849134733168243E-8
0.5080000000000003, 5.9119755586345357E-8
0.5100000000000003, -4.0330689038126855E-8
0.5120000000000003, -4.891584610720474E-9
0.5140000000000003, 4.6247473759158546E-8
0.5160000000000003, -5.641774116614457E-8
0.5180000000000003, 2.910436001571624E-8
0.5200000000000004, 1.7093140696353946E-8
0.5220000000000004, -5.133462859817531E-8
0.5240000000000004, 5.1122272869530745E-8
0.5260000000000004, -1.707562237167173E-8
0.5280000000000004, -2.7799854997562746E-8
0.5300000000000004, 5.3651047329096044E-8
0.5320000000000004, -4.3631830709257065E-8
0.5340000000000004, 4.872496666032206E-9
0.5360000000000004, 3.6573037201843645E-8
0.5380000000000004, -5.3235101826300515E-8
0.5400000000000004, 3.442981850601502E-8
0.5420000000000004, 6.902727824821071E-9
0.5440000000000004, -4.309181375241773E-8
0.5460000000000004, 5.0255804416049905E-8
0.5480000000000004, -2.4056456529137664E-8
0.5500000000000004, -1.7701349200945328E-8
0.5520000000000004, 4.7162298538872373E-8
0.5540000000000004, -4.499748296298871E-8
0.5560000000000004, 1.307944491155808E-8
0.5580000000000004, 2.705198884905815E-8
0.5600000000000004, -4.872009546851001E-8
0.5620000000000004, 3.7839688875037756E-8
0.5640000000000004, -2.064889870671173E-9
0.5660000000000004, -3.4579278535350436E-8
0.5680000000000004, 4.782637450052702E-8
0.5700000000000004, -2.923357365573711E-8
0.5720000000000004, -8.450109261161382E-9
0.5740000000000004, 4.001686588254418E-8
0.5760000000000004, -4.465806175383931E-8
0.5780000000000004, 1.9676073888524592E-8
0.5800000000000004, 1.7981971001648974E-8
0.5820000000000004, -4.3214415886658296E-8
0.5840000000000004, 3.9492940776008086E-8
0.5860000000000004, -9.68327802373957E-9
0.5880000000000004, -2.612120805684491E-8
0.5900000000000004, 4.413859534329814E-8
0.5920000000000004, -3.2690665853043136E-8
0.5940000000000004, -2.356867069323259E-10
0.5960000000000004, 3.2548283775276024E-8
0.5980000000000004, -4.2868320057300184E-8
0.6000000000000004, 2.4670832310674128E-8
0.6020000000000004, 9.60300708040976E-9
0.6040000000000004, -3.704423550939424E-8
0.6060000000000004, 3.958480816715492E-8
0.6080000000000004, -1.5889329367173218E-8
0.6100000000000004, -1.799368925456975E-8
0.6120000000000004, 3.9495833829323766E-8
0.6140000000000004, -3.4557205627390096E-8
0.6160000000000004, 6.814217778912389E-9
0.6180000000000004, 2.505332713045745E-8
0.6200000000000004, -3.9895324553444106E-8
0.6220000000000004, 2.8124723264807755E-8
0.6240000000000004, 2.097670046391115E-9
0.6260000000000004, -3.051147408808391E-8
0.6280000000000004, 3.833506115034481E-8
0.6300000000000004, -2.067634312103962E-8
0.6320000000000005, -1.0422310119261663E-8
0.6340000000000005, 3.419020798241818E-8
0.6360000000000005, -3.499756652993391E-8
0.6380000000000005, 1.2629212265426264E-8
0.6400000000000005, 1.7787297931285595E-8
0.6420000000000005, -3.600773511460548E-8
0.6440000000000005, 3.0141755911689815E-8
0.6460000000000005, -4.4068451260661E-9
0.6480000000000005, -2.3887127529701535E-8
0.6500000000000005, 3.597712829130448E-8
0.6520000000000005, -2.408619909355278E-8
0.6540000000000005, -3.581796367682459E-9
0.6560000000000005, 2.8494388744334945E-8
0.6580000000000005, -3.420052527415394E-8
0.6600000000000005, 1.7190396428542166E-8
0.6620000000000005, 1.0961376410649241E-8
0.6640000000000005, -3.1466560941359104E-8
0.6660000000000005, 3.085931667339616E-8
0.6680000000000005, -9.835086241334706E-9
0.6700000000000005, -1.7406586723895855E-8
0.6720000000000005, 3.27483130986393E-8
0.6740000000000005, -2.620101834700886E-8
0.6760000000000005, 2.4025930424664325E-9
0.6780000000000005, 2.2655224531515966E-8
0.6800000000000005, -3.236944320267612E-8
0.6820000000000005, 2.0523646570099597E-8
0.6840000000000005, 4.741831057283407E-9
0.6860000000000005, -2.6517492819895166E-8
0.6880000000000005, 3.043879455056378E-8
0.6900000000000005, -1.4158490984736777E-8
0.6920000000000005, -1.1266819441980886E-8
0.6940000000000005, 2.8881276838270922E-8
0.6960000000000005, -2.7134663586888975E-8
0.6980000000000005, 7.452209426983925E-9
0.7000000000000005, 1.6889142373153763E-8
0.7020000000000005, -2.9713359660105373E-8
0.7040000000000005, 2.2692356308535566E-8
0.7060000000000005, -7.491513441297717E-10
0.7080000000000005, -2.1384843881028577E-8
0.7100000000000005, 2.9056738920181048E-8
0.7120000000000005, -1.7389653001862517E-8
0.7140000000000005, -5.625243972121762E-9
0.7160000000000005, 2.4596892786495877E-8
0.7180000000000005, -2.702438740500786E-8
0.7200000000000005, 1.1531001307186131E-8
0.7220000000000005, 1.1379226405366973E-8
0.7240000000000005, -2.643916603165517E-8
0.7260000000000005, 2.3789954259939713E-8
0.7280000000000005, -5.431274720498855E-9
0.7300000000000005, -1.6267072635788286E-8
0.7320000000000005, 2.6896770567325802E-8
0.7340000000000005, -1.9576025137612183E-8
0.7360000000000005, -6.000908355619199E-10
0.7380000000000005, 2.0098515996769997E-8
0.7400000000000005, -2.6022887565585857E-8
0.7420000000000005, 1.4640644517033779E-8
0.7440000000000005, 6.273832364063136E-9
0.7460000000000006, -2.2744968852974105E-8
0.7480000000000006, 2.3932481654023676E-8
0.7500000000000006, -9.262849543712057E-9
0.7520000000000006, -1.1333812703988029E-8
0.7540000000000006, 2.4142409915825168E-8
0.7560000000000006, -2.0793351491922668E-8
0.7580000000000006, 3.727971946866585E-9
0.7600000000000006, 1.556765885881124E-8
0.7620000000000006, -2.4290977870557337E-8
0.7640000000000006, 1.681510121785874E-8
0.7660000000000006, 1.6865653448515853E-9
0.7680000000000006, -1.8814695017447832E-8
0.7700000000000006, 2.325147043155166E-8
0.7720000000000006, -1.2236681734811299E-8
0.7740000000000006, -6.724293873425142E-9
0.7760000000000006, 2.0970932239429378E-8
0.7780000000000006, -2.1139087425112856E-8
0.7800000000000006, 7.313184927837103E-9
0.7820000000000006, 1.1161016935868077E-8
0.7840000000000006, -2.199103271556847E-8
0.7860000000000006, 1.8114871934757158E-8
0.7880000000000006, -2.3025729988611807E-9
0.7900000000000006, -1.481394285324604E-8
0.7920000000000006, 2.188731795424718E-8
0.7940000000000006, -1.4375390638422356E-8
0.7960000000000006, -2.5470088981153264E-9
0.7980000000000006, 1.7548309499093192E-8
0.8000000000000006, -2.072603006242355E-8
0.8020000000000006, 1.0141250531943801E-8
0.8040000000000006, 7.008752174047903E-9
0.8060000000000006, -1.9281314916437517E-8
0.8080000000000006, 1.8621177336563504E-8
0.8100000000000006, -5.64507323341268E-9
0.8120000000000006, -1.0887040490899696E-8
0.8140000000000006, 1.9983309797387923E-8
0.8160000000000006, -1.5726394687024176E-8
0.8180000000000006, 1.1195405827382755E-9
0.8200000000000006, 1.4025253471262245E-8
0.8220000000000006, -1.967634302023996E-8
0.8240000000000006, 1.2225322406316191E-8
0.8260000000000006, 3.2139116377086323E-9
0.8280000000000006, -1.6311251101760335E-8
0.8300000000000006, 1.8430275051843692E-8
0.8320000000000006, -8.321051344830382E-9
0.8340000000000006, -7.155237931813516E-9
0.8360000000000006, 1.768039872595554E-8
0.8380000000000006, -1.6356780471266634E-8
0.8400000000000006, 4.225198060594064E-9
0.8420000000000006, 1.0534335778108382E-8
0.8440000000000006, -1.811611962312915E-8
0.8460000000000006, 1.360164591441408E-8
0.8480000000000006, -1.4716079185691353E-10
0.8500000000000006, -1.3217677989835923E-8
0.8520000000000006, 1.764808297988559E-8
0.8540000000000006, -1.033583041613874E-8
0.8560000000000006, -3.715931681695545E-9
0.8580000000000007, 1.5112807148242048E-8
0.8600000000000007, -1.6348244056250505E-8
0.8620000000000007, 6.745789812507957E-9
0.8640000000000007, 7.1881277701499474E-9
0.8660000000000007, -1.617059021718444E-8
0.8680000000000007, 1.432504587468978E-8
0.8700000000000007, -3.0235752956283767E-9
0.8720000000000007, -1.0122046955625772E-8
0.8740000000000007, 1.6385245798215205E-8
0.8760000000000007, -1.1716164222000389E-8
0.8780000000000007, -6.428005965178525E-10
0.8800000000000007, 1.2404483099299762E-8
0.8820000000000007, -1.5792264006120655E-8
0.8840000000000007, 8.680227722987636E-9
0.8860000000000007, 4.078277127206295E-9
0.8880000000000007, -1.396004249633973E-8
0.8900000000000007, 1.446443478136931E-8
0.8920000000000007, -5.387971018620896E-9
0.8940000000000007, -7.128543930563876E-9
0.8960000000000007, 1.4752746982602402E-8
0.8980000000000007, -1.2506280588174586E-8
0.9000000000000007, 2.01328167554146E-9
0.9020000000000007, 9.666406872026116E-9
0.9040000000000007, -1.4785635043432008E-8
0.9060000000000007, 1.004725083985418E-8
0.9080000000000007, 1.2754184716674401E-9
0.9100000000000007, -1.1596489992042457E-8
0.9120000000000007, 1.4098489332665388E-8
0.9140000000000007, -7.234076084061517E-9
0.9160000000000007, -4.3230570892232876E-9
0.9180000000000007, 1.2858135744079588E-8
0.9200000000000007, -1.276390302914525E-8
0.9220000000000007, 4.222699118781561E-9
0.9240000000000007, 6.994717276832156E-9
0.9260000000000007, -1.3426460765219305E-8
0.9280000000000007, 1.0881966584004486E-8
0.9300000000000007, -1.1701980428557181E-9
0.9320000000000007, -9.181093751233702E-9
0.9340000000000007, 1.3311616343738287E-8
0.9360000000000007, -8.573908095842024E-9
0.9380000000000007, -1.7729059656824231E-9
0.9400000000000007, 1.0802407744751428E-8
0.9420000000000007, -1.2556387282010838E-8
0.9440000000000007, 5.975053231681502E-9
0.9460000000000007, 4.4696034298308574E-9
0.9480000000000007, -1.1810674383542535E-8
0.9500000000000007, 1.123233628725747E-8
0.9520000000000007, -3.2274837384147156E-9
0.9540000000000007, -6.802316232278751E-9
0.9560000000000007, 1.2190302128768533E-8
0.9580000000000007, -9.434760396186781E-9
0.9600000000000007, 4.72767587343646E-10
0.9620000000000007, 8.67755096578105E-9
0.9640000000000007, -1.1957085998549079E-8
0.9660000000000007, 7.2767691331944995E-9
0.9680000000000007, 2.1548900005401276E-9
0.9700000000000008, -1.0029128893882716E-8
0.9720000000000008, 1.1155730953520532E-8
0.9740000000000008, -4.882819898771895E-9
0.9760000000000008, -4.534764867813765E-9
0.9780000000000008, 1.0819913138502204E-8
0.9800000000000008, -9.856105800889551E-9
0.9820000000000008, 2.3820541801190078E-9
0.9840000000000008, 6.564744154833202E-9
0.9860000000000008, -1.1042031035668194E-8
0.9880000000000008, 8.148478728392448E-9
0.9900000000000008, 9.823086196641582E-11
0.9920000000000008, -8.165273054501572E-9
0.9940000000000008, 1.0715662811959399E-8
0.9960000000000008, -6.138021373458284E-9
0.9980000000000008, -2.438665671049691E-9
