0.0, 5.6E-7
1.0E-4, 1.7124881770268408E-7
2.0E-4, -4.5475994971566423E-7
3.0000000000000003E-4, -4.4922727641364756E-7
4.0E-4, 1.7960213572048025E-7
5.0E-4, 5.586683444581008E-7
6.000000000000001E-4, 1.6224262447163953E-7
7.000000000000001E-4, -4.589377062060879E-7
8.000000000000001E-4, -4.427843131802207E-7
9.000000000000002E-4, 1.8771666905092656E-7
0.0010000000000000002, 5.571940495652802E-7
0.0011000000000000003, 1.5323370787385904E-7
0.0012000000000000003, -4.629746172823031E-7
0.0013000000000000004, -4.362524875633352E-7
0.0014000000000000004, 1.9574483216424473E-7
0.0015000000000000005, 5.555781479521405E-7
0.0016000000000000005, 1.4422447671129035E-7
0.0017000000000000006, -4.668702414156572E-7
0.0018000000000000006, -4.2963393615777905E-7
0.0019000000000000006, 2.0368487718136886E-7
0.0020000000000000005, 5.538217052834565E-7
0.0021000000000000003, 1.352173290543078E-7
0.0022, -4.706241766454141E-7
0.0023, -4.2293080903627536E-7
0.0024, 2.1153508751240503E-7
0.0024999999999999996, 5.519258198263659E-7
0.0025999999999999994, 1.2621465165195057E-7
0.0026999999999999993, -4.7423606050803283E-7
0.002799999999999999, -4.161452691169925E-7
0.002899999999999999, 2.192937781728218E-7
0.0029999999999999988, 5.498916220118227E-7
0.0030999999999999986, 1.172188193478246E-7
0.0031999999999999984, -4.777055699562527E-7
0.0032999999999999982, -4.092794915304922E-7
0.003399999999999998, 2.2695929608976032E-7
0.003499999999999998, 5.477202739894675E-7
0.0035999999999999977, 1.0823219450179889E-7
0.0036999999999999976, -4.810324212680528E-7
0.0037999999999999974, -4.0233566298626306E-7
0.0038999999999999972, 2.3453002039852666E-7
0.0039999999999999975, 5.454129691760534E-7
0.004099999999999998, 9.925712641762294E-8
0.004199999999999998, -4.842163699455685E-7
0.004299999999999998, -3.953159811390093E-7
0.0043999999999999985, 2.420043627291744E-7
0.004499999999999999, 5.429709317975857E-7
0.004599999999999999, 9.029595077655662E-8
0.004699999999999999, -4.872572106040084E-7
0.0048, -3.88222653954904E-7
0.0049, 2.4938076748310826E-7
0.005, 5.403954164253232E-7
0.0051, 8.135098907722829E-8
0.005200000000000001, -4.901547768506876E-7
0.005300000000000001, -3.8105789907790453E-7
0.005400000000000001, 2.5665771209980736E-7
0.005500000000000001, 5.376877075057832E-7
0.005600000000000002, 7.242454808170806E-8
0.005700000000000002, -4.929089411542228E-7
0.005800000000000002, -3.738239431963678E-7
0.0059000000000000025, 2.638337073135232E-7
0.006000000000000003, 5.348491188849128E-7
0.006100000000000003, 6.351891926803406E-8
0.006200000000000003, -4.955196147039725E-7
0.0063000000000000035, -3.665230214100793E-7
0.006400000000000004, 2.7090729739994696E-7
0.006500000000000004, 5.318809933265794E-7
0.006600000000000004, 5.4636378289251576E-8
0.0067000000000000046, -4.979867472598117E-7
0.006800000000000005, -3.5915737659791066E-7
0.006900000000000005, 2.778770604128812E-7
0.007000000000000005, 5.287847020255247E-7
0.007100000000000006, 4.5779184439090526E-8
0.007200000000000006, -5.003103269923189E-7
0.007300000000000006, -3.5172925878623345E-7
0.007400000000000006, 2.8474160841084656E-7
0.007500000000000007, 5.255616441149458E-7
0.007600000000000007, 3.694958012439417E-8
0.007700000000000007, -5.024903803134635E-7
0.0078000000000000074, -3.442409245182702E-7
0.007900000000000008, 2.9149958767362743E-7
0.008000000000000007, 5.222132461688547E-7
0.008100000000000007, 2.8149790344423958E-8
0.008200000000000006, -5.045269716978715E-7
0.008300000000000005, -3.366946362245674E-7
0.008400000000000005, 2.9814967890871675E-7
0.008500000000000004, 5.18740961699372E-7
0.008600000000000003, 1.9382022177079667E-8
0.008700000000000003, -5.064202034948022E-7
0.008800000000000002, -3.2909266159462667E-7
0.008900000000000002, 3.046905974477848E-7
0.009000000000000001, 5.151462706490969E-7
0.0091, 1.064846427226253E-8
0.0092, -5.081702157308393E-7
0.0093, -3.2143727295013163E-7
0.009399999999999999, 3.1112109343286755E-7
0.009499999999999998, 5.114306788787626E-7
0.009599999999999997, 1.9512863523696233E-9
0.009699999999999997, -5.097771859034908E-7
0.009799999999999996, -3.13730746619602E-7
0.009899999999999996, 3.174399519926264E-7
0.009999999999999995, 5.075957176502563E-7
0.010099999999999994, -6.707361279903384E-9
0.010199999999999994, -5.112413287657215E-7
0.010299999999999993, -3.0597536231487195E-7
0.010399999999999993, 3.236459934084204E-7
0.010499999999999992, 5.036429431052284E-7
0.010599999999999991, -1.5325348226406406E-8
0.01069999999999999, -5.125628961015543E-7
0.01079999999999999, -2.981734025094395E-7
0.01089999999999999, 3.297380732703116E-7
0.010999999999999989, 4.995739357394151E-7
0.011099999999999988, -2.3900564470899497E-8
0.011199999999999988, -5.137421764928248E-7
0.011299999999999987, -2.9032715181887786E-7
0.011399999999999987, 3.357150826229724E-7
0.011499999999999986, 4.953902998728432E-7
0.011599999999999985, -3.243092084885208E-8
0.011699999999999985, -5.147794950771933E-7
0.011799999999999984, -2.8243889638345774E-7
0.011899999999999984, 3.415759481015048E-7
0.011999999999999983, 4.910936631160767E-7
0.012099999999999982, -4.091434950958578E-8
0.012199999999999982, -5.156752132975198E-7
0.012299999999999981, -2.745109232531379E-7
0.01239999999999998, 3.473196320571826E-7
0.01249999999999998, 4.866856758326643E-7
0.01259999999999998, -4.9348804370672336E-8
0.012699999999999979, -5.16429728642705E-7
0.012799999999999978, -2.6654551977507354E-7
0.012899999999999977, 3.529451326731279E-7
0.012999999999999977, 4.821680105979464E-7
0.013099999999999976, -5.773226156450046E-8
0.013199999999999976, -5.170434743801074E-7
0.013299999999999975, -2.58544972983796E-7
0.013399999999999974, 3.5845148406993535E-7
0.013499999999999974, 4.775423616543844E-7
0.013599999999999973, -6.606271987692805E-8
0.013699999999999973, -5.175169192796428E-7
0.013799999999999972, -2.505115689942145E-7
0.013899999999999971, 3.638377564012627E-7
0.01399999999999997, 4.728104443635711E-7
0.01409999999999997, -7.433820117793853E-8
0.01419999999999997, -5.178505673296806E-7
0.014299999999999969, -2.4244759239757323E-7
0.014399999999999968, 3.691030559394172E-7
0.014499999999999968, 4.6797399465507676E-7
0.014599999999999967, -8.255675084423743E-8
0.014699999999999967, -5.180449574448344E-7
0.014799999999999966, -2.3435532566059292E-7
0.014899999999999965, 3.7424652515089553E-7
0.014999999999999965, 4.6303476847233127E-7
0.015099999999999964, -9.071643817362467E-8
0.015199999999999964, -5.181006631657993E-7
0.015299999999999963, -2.262370485277433E-7
0.015399999999999962, 3.792673427620631E-7
0.015499999999999962, 4.57994541215604E-7
0.015599999999999961, -9.881535679128989E-8
0.01569999999999996, -5.180182923513E-7
0.01579999999999996, -2.1809503742705495E-7
0.01589999999999996, 3.8416472381478603E-7
0.01599999999999996, 4.528551071823749E-7
0.016099999999999958, -1.06851625047665E-7
0.016199999999999957, -5.17798486862304E-7
0.016299999999999957, -2.0993156487941553E-7
0.016399999999999956, 3.8893791971220553E-7
0.016499999999999956, 4.4761827900515794E-7
0.016599999999999955, -1.1482338640798616E-7
0.016699999999999954, -5.174419222386064E-7
0.016799999999999954, -2.0174889891157076E-7
0.016899999999999953, 3.9358621825462346E-7
0.016999999999999953, 4.4228588708697777E-7
0.017099999999999952, -1.227288098334111E-7
0.01719999999999995, -5.169493073679071E-7
0.01729999999999995, -1.935493024729567E-7
0.01739999999999995, 3.981089436655437E-7
0.01749999999999995, 4.3685977903465365E-7
0.01759999999999995, -1.3056609015364287E-7
0.01769999999999995, -5.16321384147502E-7
0.017799999999999948, -1.853350328565008E-7
0.017899999999999947, 4.0250545660790856E-7
0.017999999999999947, 4.3134181909005176E-7
0.018099999999999946, -1.383334484309986E-7
0.018199999999999945, -5.155589271387124E-7
0.018299999999999945, -1.7710834112352823E-7
0.018399999999999944, 4.067751541905673E-7
0.018499999999999944, 4.257338875594649E-7
0.018599999999999943, -1.4602913231586543E-7
0.018699999999999942, -5.146627432141757E-7
0.018799999999999942, -1.6887147153290836E-7
0.01889999999999994, 4.1091746996502036E-7
0.01899999999999994, 4.2003788024128166E-7
0.01909999999999994, -1.5365141639348736E-7
0.01919999999999994, -5.136336711981264E-7
0.01929999999999994, -1.606266609745736E-7
0.019399999999999938, 4.149318739124843E-7
0.019499999999999938, 4.142557078521035E-7
0.019599999999999937, -1.6119860252202998E-7
0.019699999999999936, -5.12472581499789E-7
0.019799999999999936, -1.5237613840754219E-7
0.019899999999999935, 4.1881787242132334E-7
0.019999999999999934, 4.083892954514697E-7
0.020099999999999934, -1.6866902016187163E-7
0.020199999999999933, -5.111803757400178E-7
0.020299999999999933, -1.441221243025739E-7
0.020399999999999932, 4.225750082549047E-7
0.02049999999999993, 4.0244058186534166E-7
0.02059999999999993, -1.7606102669608757E-7
0.02069999999999993, -5.097579863713074E-7
0.02079999999999993, -1.358668300895722E-7
0.02089999999999993, 4.262028605098815E-7
0.02099999999999993, 3.964115191085572E-7
0.021099999999999928, -1.833730077419982E-7
0.021199999999999927, -5.082063762913113E-7
0.021299999999999927, -1.2761245760994258E-7
0.021399999999999926, 4.2970104456508005E-7
0.021499999999999925, 3.903040718062809E-7
0.021599999999999925, -1.9060337745394483E-7
0.021699999999999924, -5.065265384499906E-7
0.021799999999999924, -1.1936119857382097E-7
0.021899999999999923, 4.3306921202088074E-7
0.021999999999999922, 3.841202166147861E-7
0.022099999999999922, -1.9775057881697727E-7
0.02219999999999992, -5.047194954505377E-7
0.02229999999999992, -1.1111523402257326E-7
0.02239999999999992, 4.363070506292783E-7
0.02249999999999992, 3.7786194164159265E-7
0.02259999999999992, -2.048130839316218E-7
0.022699999999999918, -5.027862991442006E-7
0.022799999999999918, -1.028767337964773E-7
0.022899999999999917, 4.3941428421462954E-7
0.022999999999999916, 3.7153124586517084E-7
0.023099999999999916, -2.1178939428961146E-7
0.023199999999999915, -5.007280302191461E-7
0.023299999999999915, -9.464785600778807E-8
0.023399999999999914, 4.423906725851621E-7
0.023499999999999913, 3.651301385543587E-7
0.023599999999999913, -2.1867804104055976E-7
0.023699999999999912, -4.985457977834976E-7
0.02379999999999991, -8.643074651928891E-8
0.02389999999999991, 4.45236011435306E-7
0.02399999999999991, 3.586606386876491E-7
0.02409999999999991, -2.254775852495471E-7
0.02419999999999991, -4.962407389426859E-7
0.02429999999999991, -7.822753842844252E-8
0.024399999999999908, 4.479501322389199E-7
0.024499999999999907, 3.521247743725E-7
0.024599999999999907, -2.3218661814559298E-7
0.024699999999999906, -4.938140183712476E-7
0.024799999999999905, -7.004035155725403E-8
0.024899999999999905, 4.505329021334759E-7
0.024999999999999904, 3.455245822648252E-7
0.025099999999999904, -2.3880376136098737E-7
0.025199999999999903, -4.912668278792139E-7
0.025299999999999902, -6.1871291947956E-8
0.025399999999999902, 4.5298422379527907E-7
0.0254999999999999, 3.388621069888158E-7
0.0255999999999999, -2.4532766716146094E-7
0.0256999999999999, -4.886003859732268E-7
0.0257999999999999, -5.372245136462353E-8
0.0258999999999999, 4.553040353057915E-7
0.025999999999999898, 3.3213940055724757E-7
0.026099999999999898, -2.5175701866717123E-7
0.026199999999999897, -4.858159374125242E-7
0.026299999999999896, -4.559590680082534E-8
0.026399999999999896, 4.5749231000913956E-7
0.026499999999999895, 3.253585217924257E-7
0.026599999999999895, -2.580905300644896E-7
0.026699999999999894, -4.829147527599345E-7
0.026799999999999893, -3.749371999341476E-8
0.026899999999999893, 4.59549056360879E-7
0.026999999999999892, 3.185215357479178E-7
0.02709999999999989, -2.643269468085726E-7
0.02719999999999989, -4.79898127928023E-7
0.02729999999999989, -2.9417936942562314E-8
0.02739999999999989, 4.614743177680993E-7
0.02749999999999989, 3.116305131312253E-7
0.02759999999999989, -2.704650458167058E-7
0.027699999999999888, -4.76767383720533E-7
0.027799999999999887, -2.1370587438129718E-8
0.027899999999999887, 4.632681724209477E-7
0.027999999999999886, 3.046875297275433E-7
0.028099999999999885, -2.765036356524097E-7
0.028199999999999885, -4.735238653692627E-7
0.028299999999999884, -1.3353684592482644E-8
0.028399999999999884, 4.649307331156569E-7
0.028499999999999883, 2.976946658247565E-7
0.028599999999999882, -2.824415567003003E-7
0.028699999999999882, -4.701689420665251E-7
0.02879999999999988, -5.3692243798376566E-9
0.02889999999999988, 4.66462147069161E-7
0.02899999999999988, 2.9065400563981994E-7
0.02909999999999988, -2.8827768133169994E-7
0.02919999999999988, -4.667040064933312E-7
0.029299999999999878, 2.5808148177633502E-9
0.029399999999999878, 4.6786259572538784E-7
0.029499999999999877, 2.835676367466687E-7
0.029599999999999876, -2.940109140609952E-7
0.029699999999999876, -4.6313047434344435E-7
0.029799999999999875, 1.0494472657760316E-8
0.029899999999999875, 4.691322945533147E-7
0.029999999999999874, 2.7643764950580387E-7
0.030099999999999873, -2.9964019169274124E-7
0.030199999999999873, -4.594497838434486E-7
0.030299999999999872, 1.8369807277574927E-8
0.03039999999999987, 4.702714928368805E-7
0.03049999999999987, 2.6926613649569876E-7
0.03059999999999987, -3.051644834595171E-7
0.03069999999999987, -4.5566339526897904E-7
0.03079999999999987, 2.6204895728216613E-8
0.03089999999999987, 4.7128047345684467E-7
0.030999999999999868, 2.6205519194616717E-7
0.031099999999999867, -3.1058279115053414E-7
0.031199999999999867, -4.5177279045725706E-7
0.03129999999999987, 3.3997834400937855E-8
0.03139999999999987, 4.721595526647024E-7
0.031499999999999875, 2.548069111737662E-7
0.03159999999999988, -3.1589414923107013E-7
0.03169999999999988, -4.4777947231603656E-7
0.031799999999999884, 4.1746739446800995E-8
0.03189999999999989, 4.72909079848694E-7
0.03199999999999989, 2.475233900197025E-7
0.03209999999999989, -3.210976249524415E-7
0.032199999999999895, -4.43684964329318E-7
0.0322999999999999, 4.9449747188940266E-8
0.0323999999999999, 4.7352943729208433E-7
0.032499999999999904, 2.402067242898213E-7
0.03259999999999991, -3.2619231845305895E-7
0.03269999999999991, -4.3949081005955976E-7
0.03279999999999991, 5.7105014527991534E-8
0.032899999999999915, 4.7402103992379686E-7
0.03299999999999992, 2.3285900919713735E-7
0.03309999999999992, -3.3117736285015034E-7
0.033199999999999924, -4.3519857264694554E-7
0.03329999999999993, 6.471071933992473E-8
0.03339999999999993, 4.7438433506143937E-7
0.03349999999999993, 2.2548233880728854E-7
0.033599999999999935, -3.360519243222781E-7
0.03369999999999994, -4.3080983430565227E-7
0.03379999999999994, 7.226506086659295E-8
0.033899999999999944, 4.7461980214690497E-7
0.03399999999999995, 2.1807880548652454E-7
0.03409999999999995, -3.408152021827134E-7
0.03419999999999995, -4.2632619581730516E-7
0.034299999999999956, 7.976626009881712E-8
0.03439999999999996, 4.747279524745656E-7
0.03449999999999996, 2.1065049935274373E-7
0.034599999999999964, -3.4546642894366463E-7
0.03469999999999997, -4.217492760217683E-7
0.03479999999999997, 8.721256015209967E-8
0.03489999999999997, 4.7470932891226247E-7
0.034999999999999976, 2.0319950772956986E-7
0.03509999999999998, -3.5000487037138776E-7
0.03519999999999998, -4.1708071130543046E-7
0.035299999999999984, 9.460222663449646E-8
0.03539999999999999, 4.745645056151242E-7
0.03549999999999999, 1.9572791460362302E-7
0.03559999999999999, -3.544298255322013E-7
0.035699999999999996, -4.123221550870547E-7
0.0358, 1.0193354800712242E-7
0.0359, 4.7429408773235204E-7
0.036000000000000004, 1.8823780008511504E-7
0.03610000000000001, -3.587406268294196E-7
0.03620000000000001, -4.0747527730153707E-7
0.03630000000000001, 1.0920483593682495E-7
0.036400000000000016, 4.7389871110707736E-7
0.03650000000000002, 1.8073123987189818E-7
0.03660000000000002, -3.6293664003133993E-7
0.036700000000000024, -4.0254176388145864E-7
0.03680000000000003, 1.1641442564112721E-7
0.03690000000000003, 4.733790419693998E-7
0.03700000000000003, 1.7321030471711884E-7
0.037100000000000036, -3.670172642900503E-7
0.03720000000000004, -3.9752331623677465E-7
0.03730000000000004, 1.2356067622535764E-7
0.037400000000000044, 4.727357766227202E-7
0.03750000000000005, 1.656770599004518E-7
0.03760000000000005, -3.7098193215145047E-7
0.03770000000000005, -3.924216507327096E-7
0.037800000000000056, 1.3064197101191136E-7
0.03790000000000006, 4.7196964112348775E-7
0.03800000000000006, 1.5813356470341445E-7
0.038100000000000064, -3.748301095562552E-7
0.03820000000000007, -3.872384981660179E-7
0.03830000000000007, 1.3765671786156502E-7
0.03840000000000007, 4.710813909544558E-7
0.038500000000000076, 1.5058187188838322E-7
0.03860000000000008, -3.785612958321268E-7
0.03870000000000008, -3.8197560323975693E-7
0.038800000000000084, 1.4460334948694972E-7
0.03890000000000009, 4.700718106915921E-7
0.03900000000000009, 1.4302402718180746E-7
0.03910000000000009, -3.821750236769616E-7
0.039200000000000096, -3.7663472403673517E-7
0.0393000000000001, 1.5148032375774846E-7
0.0394000000000001, 4.6894171366473693E-7
0.039500000000000104, 1.3546206876159094E-7
0.03960000000000011, -3.8567085913337405E-7
0.03970000000000011, -3.7121763149168557E-7
0.03980000000000011, 1.5828612399808782E-7
0.039900000000000116, 4.6769194161213703E-7
0.04000000000000012, 1.2789802674878272E-7
0.04010000000000012, -3.8904840155441025E-7
0.040200000000000125, -3.6572610886254805E-7
0.04030000000000013, 1.6501925927569463E-7
0.04040000000000013, 4.66323364328974E-7
0.04050000000000013, 1.2033392270369396E-7
0.040600000000000136, -3.923072835606283E-7
0.04070000000000014, -3.6016195120068974E-7
0.04080000000000014, 1.716782646829067E-7
0.040900000000000145, 4.648368793100066E-7
0.04100000000000015, 1.127717691265795E-7
0.04110000000000015, -3.9544717098838646E-7
0.04120000000000015, -3.545269648204463E-7
0.041300000000000156, 1.7826170160962222E-7
0.04140000000000016, 4.632334113864491E-7
0.04150000000000016, 1.0521356896284395E-7
0.041600000000000165, -3.984677628296066E-7
0.04170000000000017, -3.4882296676803133E-7
0.04180000000000017, 1.8476815800778126E-7
0.04190000000000017, 4.61513912357207E-7
0.042000000000000176, 9.766131511326699E-8
0.04210000000000018, -4.0136879116302775E-7
0.04220000000000018, -3.430517842899767E-7
0.042300000000000185, 1.911962486478404E-7
0.04240000000000019, 4.5967936061459615E-7
0.04250000000000019, 9.011698994884384E-8
0.04260000000000019, -4.041500210769722E-7
0.042700000000000196, -3.372152543012454E-7
0.0428000000000002, 1.975446153668378E-7
0.0429000000000002, 4.5773076076466615E-7
0.043000000000000205, 8.258256483073321E-8
0.04310000000000021, -4.068112505834819E-7
0.04320000000000021, -3.313152228531612E-7
0.04330000000000021, 2.0381192730816956E-7
0.043400000000000216, 4.5566914324225615E-7
0.04350000000000022, 7.50599996352639E-8
0.04360000000000022, -4.093523105243357E-7
0.043700000000000225, -3.253535446012952E-7
0.04380000000000023, 2.0999688115302443E-7
0.04390000000000023, 4.534955639209159E-7
0.04400000000000023, 6.755124228412915E-8
0.044100000000000236, -4.117730644686197E-7
0.04420000000000024, -3.193320822734548E-7
0.04430000000000024, 2.1609820134345468E-7
0.044400000000000245, 4.5121110371776937E-7
0.04450000000000025, 6.00582282798708E-8
0.04460000000000025, -4.1407340860207973E-7
0.04470000000000025, -3.1325270613791194E-7
0.044800000000000256, 2.2211464029705956E-7
0.04490000000000026, 4.4881686819357264E-7
0.04500000000000026, 5.258288024675271E-8
0.045100000000000265, -4.162532716082922E-7
0.04520000000000027, -3.071172934720527E-7
0.04530000000000027, 2.2804497861326355E-7
0.045400000000000273, 4.4631398714793064E-7
0.045500000000000276, 4.5127107477121445E-8
0.04560000000000028, -4.18312614541725E-7
0.04570000000000028, -3.0092772803135594E-7
0.045800000000000285, 2.3388802527117068E-7
0.04590000000000029, 4.4370361420992294E-7
0.04600000000000029, 3.769280548335057E-8
0.046100000000000294, -4.202514306927554E-7
0.046200000000000296, -2.9468589951941463E-7
0.0463000000000003, 2.3964261781898134E-7
0.0464000000000003, 4.409869264242213E-7
0.046500000000000305, 3.028185555546222E-8
0.04660000000000031, -4.220697454447197E-7
0.04670000000000031, -2.8839370305837427E-7
0.046800000000000314, 2.453076225549586E-7
0.046900000000000316, 4.381651238328353E-7
0.04700000000000032, 2.289612432456995E-8
0.04710000000000032, -4.23767616123067E-7
0.047200000000000325, -2.820530386604965E-7
0.04730000000000033, 2.508819346999335E-7
0.04740000000000033, 4.352394290526189E-7
0.047500000000000334, 1.5537463331924132E-8
0.047600000000000336, -4.2534513183669205E-7
0.04770000000000034, -2.7566581070075785E-7
0.04780000000000034, 2.5636447856134233E-7
0.047900000000000345, 4.322110868486685E-7
0.04800000000000035, 8.207708604420418E-9
0.04810000000000035, -4.268024133115268E-7
0.048200000000000354, -2.6923392739065407E-7
0.04830000000000036, 2.6175420768878876E-7
0.04840000000000036, 4.290813637037438E-7
0.04850000000000036, 9.086802356277447E-10
0.048600000000000365, -4.281396127164673E-7
0.04870000000000037, -2.627593002533479E-7
0.04880000000000037, 2.6705010502108875E-7
0.048900000000000374, 4.258515473838456E-7
0.04900000000000038, -6.357818026807295E-9
0.04910000000000038, -4.293569134817181E-7
0.04920000000000038, -2.56243843600292E-7
0.049300000000000385, 2.7225118302504155E-7
0.04940000000000039, 4.225229465000811E-7
0.04950000000000039, -1.3589999187606485E-8
0.049600000000000394, -4.3045453010963525E-7
0.0497000000000004, -2.496894740094601E-7
0.0498000000000004, 2.7735648382531083E-7
0.0499000000000004, 4.190968900669519E-7
0.050000000000000405, -2.07860934040246E-8
0.05010000000000041, -4.3143270797814064E-7
0.05020000000000041, -2.43098109805317E-7
0.050300000000000414, 2.823650793262458E-7
0.05040000000000042, 4.1557472705719765E-7
0.05050000000000042, -2.7944348379654362E-8
0.05060000000000042, -4.3229172313687186E-7
0.050700000000000425, -2.3647167054066054E-7
0.05080000000000043, 2.872760713250269E-7
0.05090000000000043, 4.1195782595332784E-7
0.051000000000000434, -3.506302975179556E-8
0.05110000000000044, -4.3303188209595195E-7
0.05120000000000044, -2.2981207648046168E-7
0.05130000000000044, 2.920885916163921E-7
0.051400000000000445, 4.082475742959791E-7
0.05150000000000045, -4.2140421472314145E-8
0.05160000000000045, -4.336535216077421E-7
0.051700000000000454, -2.231212480878335E-7
0.05180000000000046, 2.968018020889134E-7
0.05190000000000046, 4.0444537822924853E-7
0.05200000000000046, -4.91748261819192E-8
0.052100000000000465, -4.3415700844145956E-7
0.05220000000000047, -2.1640110551225518E-7
0.05230000000000047, 3.014148948128353E-7
0.052400000000000474, 4.0055266204302005E-7
0.05250000000000048, -5.616456557778781E-8
0.05260000000000048, -4.345427391508364E-7
0.05270000000000048, -2.096535680801772E-7
0.052800000000000485, 3.0592709211948975E-7
0.05290000000000049, 3.965708677127188E-7
0.05300000000000049, -6.31079807744699E-8
0.053100000000000494, -4.348111398348983E-7
0.0532000000000005, -2.028805537881328E-7
0.0533000000000005, 3.103376466723049E-7
0.0534000000000005, 3.9250145443622777E-7
0.053500000000000505, -7.000343265800724E-8
0.05360000000000051, -4.3496266589195725E-7
0.05370000000000051, -1.960839787985236E-7
0.053800000000000514, 3.1464584152942516E-7
0.05390000000000052, 3.8834589816840095E-7
0.05400000000000052, -7.684930223320262E-8
0.05410000000000052, -4.349978017669146E-7
0.054200000000000526, -1.892657569379339E-7
0.05430000000000053, 3.1885099019796533E-7
0.05440000000000053, 3.841056911531894E-7
0.054500000000000534, -8.364399096397815E-8
0.05460000000000054, -4.3491706069197267E-7
0.05470000000000054, -1.8242779919876444E-7
0.05480000000000054, 3.2295243667992024E-7
0.054900000000000546, 3.797823414535342E-7
0.05500000000000055, -9.03859211067138E-8
0.05510000000000055, -4.347209844208505E-7
0.055200000000000554, -1.7557201324341297E-7
0.05530000000000056, 3.269495555097566E-7
0.05540000000000056, 3.753773724791626E-7
0.05550000000000056, -9.707353603680143E-8
0.055600000000000566, -4.344101429566076E-7
0.05570000000000057, -1.6870030291178894E-7
0.05580000000000057, 3.3084175178371333E-7
0.055900000000000574, 3.708923225124214E-7
0.05600000000000058, -1.0370530056762804E-7
0.05610000000000058, -4.339851342731732E-7
0.05620000000000058, -1.6181456773201166E-7
0.056300000000000586, 3.346284611808403E-7
0.05640000000000059, 3.663287442322825E-7
0.05650000000000059, -1.1027970126291017E-7
0.056600000000000594, -4.3344658403068647E-7
0.0567000000000006, -1.5491670243445287E-7
0.0568000000000006, 3.3830914997577624E-7
0.0569000000000006, 3.6168820423665656E-7
0.057000000000000606, -1.1679524674159681E-7
0.05710000000000061, -4.3279514528474794E-7
0.05720000000000061, -1.480085964692368E-7
0.057300000000000614, 3.4188331504348455E-7
0.05740000000000062, 3.56972282563148E-7
0.05750000000000062, -1.232504679755848E-7
0.05760000000000062, -4.320314981896898E-7
0.057700000000000626, -1.4109213352731214E-7
0.05780000000000063, 3.4535048385551716E-7
0.05790000000000063, 3.5218257220838676E-7
0.058000000000000634, -1.296439185801509E-7
0.05810000000000064, -4.3115634969596933E-7
0.05820000000000064, -1.3416919106520562E-7
0.05830000000000064, 3.487102144684675E-7
0.058400000000000646, 3.473206786460708E-7
0.05850000000000065, -1.359741750970564E-7
0.05860000000000065, -4.3017043324179294E-7
0.058700000000000654, -1.2724163983356852E-7
0.05880000000000066, 3.519620955041824E-7
0.05890000000000066, 3.423882193438533E-7
0.05900000000000066, -1.4223983727028152E-7
0.059100000000000666, -4.290745084390765E-7
0.05920000000000067, -1.2031134340962336E-7
0.05930000000000067, 3.551057461219632E-7
0.059400000000000674, 3.3738682327920847E-7
0.05950000000000068, -1.4843952831434981E-7
0.05960000000000068, -4.2786936075385566E-7
0.05970000000000068, -1.1338015773361853E-7
0.059800000000000686, 3.5814081598276854E-7
0.05990000000000069, 3.323181304544089E-7
0.06000000000000069, -1.5457189517520377E-7
0.060100000000000695, -4.26555801181252E-7
0.0602000000000007, -1.0644993064939554E-7
0.0603000000000007, 3.6106698520546294E-7
0.0604000000000007, 3.271837914107793E-7
0.060500000000000706, -1.6063560878359594E-7
0.06060000000000071, -4.251346659151072E-7
0.06070000000000071, -9.952250144917305E-8
0.060800000000000715, 3.6388396431515966E-7
0.06090000000000072, 3.219854667421723E-7
0.06100000000000072, -1.6662936430096243E-7
0.06110000000000072, -4.23606816012397E-7
0.061200000000000726, -9.259970042264962E-8
0.06130000000000073, 3.665914941837071E-7
0.06140000000000073, 3.16724826608263E-7
0.061500000000000735, -1.7255188135774586E-7
0.06160000000000074, -4.2197313705253813E-7
0.06170000000000074, -8.568334841057311E-8
0.06180000000000074, 3.6918934596236913E-7
0.061900000000000746, 3.1140355024717746E-7
0.06200000000000075, -1.7840190428413957E-7
0.06210000000000075, -4.2023453879170126E-7
0.062200000000000755, -7.877525636259211E-8
0.06230000000000076, 3.7167732100675257E-7
0.06240000000000076, 3.0602332548804596E-7
0.06250000000000076, -1.8417820233322463E-7
0.06260000000000077, -4.1839195481224416E-7
0.06270000000000077, -7.187722490019526E-8
0.06280000000000077, 3.740552507940372E-7
0.06290000000000077, 3.0058584826343073E-7
0.06300000000000078, -1.8987956989647524E-7
0.06310000000000078, -4.1644634216738114E-7
0.06320000000000078, -6.499104388388957E-8
0.06330000000000079, 3.763229968325636E-7
0.06340000000000079, 2.950928221217858E-7
0.06350000000000079, -1.9550482671156682E-7
0.0636000000000008, -4.143986810212037E-7
0.0637000000000008, -5.811849198541991E-8
0.0638000000000008, 3.7848045056383905E-7
0.0639000000000008, 2.8954595774008016E-7
0.0640000000000008, -2.0105281806272014E-7
0.06410000000000081, -4.1224997428416946E-7
0.06420000000000081, -5.126133626483867E-8
0.06430000000000081, 3.8052753325701916E-7
0.06440000000000082, 2.8394697243671354E-7
0.06450000000000082, -2.0652241497292575E-7
0.06460000000000082, -4.1000124724417685E-7
0.06470000000000083, -4.442133175256324E-8
0.06480000000000083, 3.8246419589592985E-7
0.06490000000000083, 2.782975896848512E-7
0.06500000000000083, -2.1191251438888313E-7
0.06510000000000084, -4.0765354719334324E-7
0.06520000000000084, -3.760022103651024E-8
0.06530000000000084, 3.842904190586723E-7
0.06540000000000085, 2.725995386263074E-7
0.06550000000000085, -2.172220393580003E-7
0.06560000000000085, -4.0520794305060515E-7
0.06570000000000085, -3.0799733854393434E-8
0.06580000000000086, 3.860062127899893E-7
0.06590000000000086, 2.668545535861033E-7
0.06600000000000086, -2.2244993919769852E-7
0.06610000000000087, -4.026655249802597E-7
0.06620000000000087, -2.4021586691270578E-8
0.06630000000000087, 3.8761161646617824E-7
0.06640000000000087, 2.6106437358782527E-7
0.06650000000000088, -2.275951896569675E-7
0.06660000000000088, -4.000274040065796E-7
0.06670000000000088, -1.7267482382422826E-8
0.06680000000000089, 3.8910669865299624E-7
0.06690000000000089, 2.552307418699095E-7
0.06700000000000089, -2.3265679307016475E-7
0.0671000000000009, -3.9729471162454743E-7
0.0672000000000009, -1.0539109721648226E-8
0.0673000000000009, 3.904915569563442E-7
0.0674000000000009, 2.4935540540297737E-7
0.0675000000000009, -2.3763377850305124E-7
0.06760000000000091, -3.944685994070141E-7
0.06770000000000091, -3.838143075049332E-9
0.06780000000000092, 3.917663178659139E-7
0.06790000000000092, 2.4344011440834464E-7
0.06800000000000092, -2.425252018910613E-7
0.06810000000000092, -3.915502386081594E-7
0.06820000000000093, 2.8337579996070327E-9
0.06830000000000093, 3.929311365918537E-7
0.06840000000000093, 2.3748662187786658E-7
0.06850000000000094, -2.473301461698025E-7
0.06860000000000094, -3.885408197635568E-7
0.06870000000000094, 9.474949127881664E-9
0.06880000000000094, 3.9398619689452795E-7
0.06890000000000095, 2.3149668309501027E-7
0.06900000000000095, -2.52047721397788E-7
0.06910000000000095, -3.85441552286893E-7
0.06920000000000096, 1.6083801487932062E-8
0.06930000000000096, 3.949317109074451E-7
0.06940000000000096, 2.2547205515784923E-7
0.06950000000000096, -2.566770648714019E-7
0.06960000000000097, -3.8225366406347567E-7
0.06970000000000097, 2.2658702173986198E-8
0.06980000000000097, 3.9576791895343264E-7
0.06990000000000098, 2.1941449650333663E-7
0.07000000000000098, -2.61217341232103E-7
0.07010000000000098, -3.7897840104065313E-7
0.07020000000000098, 2.9198054553904012E-8
0.07030000000000099, 3.9649508935413967E-7
0.07040000000000099, 2.133257664335478E-7
0.07050000000000099, -2.6566774256587215E-7
0.070600000000001, -3.7561702681526803E-7
0.070700000000001, 3.570027862103577E-8
0.070800000000001, 3.971135182329451E-7
0.070900000000001, 2.072076246437823E-7
0.071000000000001, -2.7002748849491313E-7
0.07110000000000101, -3.7217082221826726E-7
0.07120000000000101, 4.216381133961508E-8
0.07130000000000102, 3.9762352931135573E-7
0.07140000000000102, 2.010618307526796E-7
0.07150000000000102, -2.7429582626158163E-7
0.07160000000000102, -3.686410848965932E-7
0.07170000000000103, 4.858710698454922E-8
0.07180000000000103, 3.9802547369897626E-7
0.07190000000000103, 1.9489014383446532E-7
0.07200000000000104, -2.78472030804761E-7
0.07210000000000104, -3.6502912889247853E-7
0.07220000000000104, 5.496863747484739E-8
0.07230000000000104, 3.98319729677137E-7
0.07240000000000105, 1.8869432195344242E-7
0.07250000000000105, -2.825554048281851E-7
0.07260000000000105, -3.613362842202686E-7
0.07270000000000106, 6.130689270090466E-8
0.07280000000000106, 3.9850670247626406E-7
0.07290000000000106, 1.8247612170084063E-7
0.07300000000000106, -2.8654527886141075E-7
0.07310000000000107, -3.5756389644089397E-7
0.07320000000000107, 6.760038084553543E-8
0.07330000000000107, 3.9858682404707464E-7
0.07340000000000108, 1.7623729773413813E-7
0.07350000000000108, -2.904410113129428E-7
0.07360000000000108, -3.5371332623411954E-7
0.07370000000000108, 7.384762869869936E-8
0.07380000000000109, 3.98560552825723E-7
0.07390000000000109, 1.6997960231896506E-7
0.07400000000000109, -2.942419885157385E-7
0.0741000000000011, -3.4978594896869025E-7
0.0742000000000011, 8.004718196586444E-8
0.0743000000000011, 3.984283734928892E-7
0.0744000000000011, 1.6370478487370089E-7
0.07450000000000111, -2.979476247650786E-7
0.07460000000000111, -3.4578315427050074E-7
0.07470000000000111, 8.619760556995337E-8
0.07480000000000112, 3.981907967270358E-7
0.07490000000000112, 1.574145915168738E-7
0.07500000000000112, -3.01557362348831E-7
0.07510000000000112, -3.417063455889341E-7
0.07520000000000113, 9.229748394682203E-8
0.07530000000000113, 3.9784835895182146E-7
0.07540000000000113, 1.5111076461746942E-7
0.07550000000000114, -3.050706715701301E-7
0.07560000000000114, -3.375569397613529E-7
0.07570000000000114, 9.834542133422061E-8
0.07580000000000114, 3.974016220778075E-7
0.07590000000000115, 1.4479504234825684E-7
0.07600000000000115, -3.084870507625035E-7
0.07610000000000115, -3.3333636657621803E-7
0.07620000000000116, 1.0434004205418916E-7
0.07630000000000116, 3.96851173238543E-7
0.07640000000000116, 1.3846915824227854E-7
0.07650000000000116, -3.1180602629747243E-7
0.07660000000000117, -3.29046068334491E-7
0.07670000000000117, 1.1027999078884286E-7
0.07680000000000117, 3.9619762452112625E-7
0.07690000000000118, 1.3213484075235434E-7
0.07700000000000118, -3.150271525846607E-7
0.07710000000000118, -3.2468749940979286E-7
0.07720000000000118, 1.1616393284950235E-7
0.07730000000000119, 3.9544161269133693E-7
0.07740000000000119, 1.2579381281433668E-7
0.07750000000000119, -3.1815001206444324E-7
0.0776000000000012, -3.202621258073032E-7
0.0777000000000012, 1.219905544391281E-7
0.0778000000000012, 3.9458379891343725E-7
0.0779000000000012, 1.1944779141337337E-7
0.07800000000000121, -3.211742151931717E-7
0.07810000000000121, -3.157714247215454E-7
0.07820000000000121, 1.2775856290797652E-7
0.07830000000000122, 3.9362486846474133E-7
0.07840000000000122, 1.1309848715391077E-7
0.07850000000000122, -3.24099400421013E-7
0.07860000000000122, -3.112168840931806E-7
0.07870000000000123, 1.3346668700269424E-7
0.07880000000000123, 3.925655304450508E-7
0.07890000000000123, 1.0674760383328354E-7
0.07900000000000124, -3.269252341624404E-7
0.07910000000000124, -3.066000021649335E-7
0.07920000000000124, 1.391136771081782E-7
0.07930000000000124, 3.914065174810581E-7
0.07940000000000125, 1.003968380190289E-7
0.07950000000000125, -3.296514107594185E-7
0.07960000000000125, -3.0192228703677015E-7
0.07970000000000126, 1.446983054830178E-7
0.07980000000000126, 3.901485854258179E-7
0.07990000000000126, 9.40478786300231E-8
0.08000000000000126, -3.322776524373001E-7
0.08010000000000127, -2.971852562204526E-7
0.08020000000000127, 1.502193664878486E-7
0.08030000000000127, 3.8879251305338974E-7
0.08040000000000128, 8.770240652153222E-8
0.08050000000000128, -3.348037092536213E-7
0.08060000000000128, -2.9239043619358777E-7
0.08070000000000128, 1.5567567680684408E-7
0.08080000000000129, 3.873391017487535E-7
0.08090000000000129, 8.136209407427184E-8
0.0810000000000013, -3.3722935903948636E-7
0.0811000000000013, -2.8753936195329514E-7
0.0812000000000013, 1.6106607566227354E-7
0.0813000000000013, 3.8578917519310804E-7
0.0814000000000013, 7.502860478756596E-8
0.08150000000000131, -3.39554407334086E-7
0.08160000000000131, -2.8263357656964097E-7
0.08170000000000131, 1.6638942502210195E-7
0.08180000000000132, 3.8414357904461954E-7
0.08190000000000132, 6.870359287673858E-8
0.08200000000000132, -3.417786873118913E-7
0.08210000000000132, -2.7767463073875E-7
0.08220000000000133, 1.716446098005667E-7
0.08230000000000133, 3.824031806148416E-7
0.08240000000000133, 6.238870287452283E-8
0.08250000000000134, -3.439020597031871E-7
0.08260000000000134, -2.7266408233637726E-7
0.08270000000000134, 1.768305380519861E-7
0.08280000000000134, 3.8056886854068564E-7
0.08290000000000135, 5.6085569237528084E-8
0.08300000000000135, -3.459244127070853E-7
0.08310000000000135, -2.676034959707863E-7
0.08320000000000136, 1.819461411569133E-7
0.08330000000000136, 3.786415524523735E-7
0.08340000000000136, 4.979581595602962E-8
0.08350000000000136, -3.4784566189825866E-7
0.08360000000000137, -2.6249444253679245E-7
0.08370000000000137, 1.8699037400226636E-7
0.08380000000000137, 3.7662216263708794E-7
0.08390000000000138, 4.352105616963547E-8
0.08400000000000138, -3.496657501261735E-7
0.08410000000000138, -2.5733849876914414E-7
0.08420000000000138, 1.919622151531918E-7
0.08430000000000139, 3.7451164969886876E-7
0.08440000000000139, 3.726289178618117E-8
0.0845000000000014, -3.5138464740810014E-7
0.0846000000000014, -2.521372467973616E-7
0.0847000000000014, 1.9686066701908912E-7
0.0848000000000014, 3.723109842143786E-7
0.0849000000000014, 3.10229131067078E-8
0.08500000000000141, -3.530023508149889E-7
0.08510000000000141, -2.468922737001198E-7
0.08520000000000141, 2.0168475601132834E-7
0.08530000000000142, 3.7002115638517504E-7
0.08540000000000142, 2.4802698453827515E-8
0.08550000000000142, -3.545188843506862E-7
0.08560000000000142, -2.4160517106134844E-7
0.08570000000000143, 2.0643353269507918E-7
0.08580000000000143, 3.6764317568605095E-7
0.08590000000000143, 1.8603813806327514E-8
0.08600000000000144, -3.5593429882485605E-7
0.08610000000000144, -2.3627753452608083E-7
0.08620000000000144, 2.111060719328425E-7
0.08630000000000144, 3.6517807051000794E-7
0.08640000000000145, 1.2427812437316115E-8
0.08650000000000145, -3.572486717188492E-7
0.08660000000000145, -2.3091096335827418E-7
0.08670000000000146, 2.157014730220496E-7
0.08680000000000146, 3.626268878098149E-7
0.08690000000000146, 6.276234558754241E-9
0.08700000000000147, -3.584621070455869E-7
0.08710000000000147, -2.255070599986528E-7
0.08720000000000147, 2.202188598243824E-7
0.08730000000000147, 3.5999069273599964E-7
0.08740000000000148, 1.5060696967858693E-10
0.08750000000000148, -3.595747352025295E-7
0.08760000000000148, -2.2006742962435712E-7
0.08770000000000149, 2.2465738088912434E-7
0.08780000000000149, 3.572705682719833E-7
0.08790000000000149, -5.947557289050903E-9
0.0880000000000015, -3.6058671281875085E-7
0.0881000000000015, -2.145936797098558E-7
0.0882000000000015, 2.290162095682592E-7
0.0883000000000015, 3.5446761486570997E-7
0.0884000000000015, -1.2016759276167658E-8
0.08850000000000151, -3.614982225952789E-7
0.08860000000000151, -2.090874195885201E-7
0.08870000000000151, 2.332945441255707E-7
0.08880000000000152, 3.5158295005870376E-7
0.08890000000000152, -1.8055514484760023E-8
0.08900000000000152, -3.6230947313963737E-7
0.08910000000000153, -2.0355026001671795E-7
0.08920000000000153, 2.3749160783752473E-7
0.08930000000000153, 3.4861770811180465E-7
0.08940000000000153, -2.406235317297299E-8
0.08950000000000154, -3.630206987938405E-7
0.08960000000000154, -1.97983812738363E-7
0.08970000000000154, 2.416066490881294E-7
0.08980000000000155, 3.455730396285962E-7
0.08990000000000155, -3.0035820688442314E-8
0.09000000000000155, -3.6363215945669055E-7
0.09010000000000155, -1.9238969005228994E-7
0.09020000000000156, 2.456389414556217E-7
0.09030000000000156, 3.42450111175698E-7
0.09040000000000156, -3.597447778726121E-8
0.09050000000000157, -3.6414414039971994E-7
0.09060000000000157, -1.8676950438028124E-7
0.09070000000000157, 2.4958778379305165E-7
0.09080000000000157, 3.3925010490101396E-7
0.09090000000000158, -4.187690094826126E-8
0.09100000000000158, -3.645569520775423E-7
0.09110000000000158, -1.8112486783815307E-7
0.09120000000000159, 2.534525003011219E-7
0.09130000000000159, 3.359742181490329E-7
0.09140000000000159, -4.7741682680433E-8
0.0915000000000016, -3.6487092993204625E-7
0.0916000000000016, -1.7545739180768736E-7
0.0917000000000016, 2.5723244059397586E-7
0.0918000000000016, 3.3262366307435E-7
0.0919000000000016, -5.3567431826048613E-8
0.09200000000000161, -3.650864341910942E-7
0.09210000000000161, -1.6976868651185048E-7
0.09220000000000161, 2.6092697975854283E-7
0.09230000000000162, 3.291996662524283E-7
0.09240000000000162, -5.9352773856737185E-8
0.09250000000000162, -3.652038496613499E-7
0.09260000000000163, -1.6406036059105007E-7
0.09270000000000163, 2.6453551840592117E-7
0.09280000000000163, 3.257034682888451E-7
0.09290000000000163, -6.509635116514256E-8
0.09300000000000164, -3.652235855155208E-7
0.09310000000000164, -1.5833402068290045E-7
0.09320000000000164, 2.680574827167082E-7
0.09330000000000165, 3.2213632342596964E-7
0.09340000000000165, -7.079682334944061E-8
0.09350000000000165, -3.65146075074198E-7
0.09360000000000165, -1.5259127100321512E-7
0.09370000000000166, 2.714923244783734E-7
0.09380000000000166, 3.184994991483874E-7
0.09390000000000166, -7.645286749332538E-8
0.09400000000000167, -3.649717755820665E-7
0.09410000000000167, -1.4683371293072456E-7
0.09420000000000167, 2.748395211165862E-7
0.09430000000000167, 3.14794275785989E-7
0.09440000000000168, -8.206317843876976E-8
0.09450000000000168, -3.6470116797893543E-7
0.09460000000000168, -1.4106294459320675E-7
0.09470000000000169, 2.780985757186653E-7
0.09480000000000169, 3.110219461158144E-7
0.09490000000000169, -8.76264690541474E-8
0.0950000000000017, -3.6433475666533567E-7
0.0951000000000017, -1.3528056045755364E-7
0.0952000000000017, 2.812690170509962E-7
0.0953000000000017, 3.0718381496239253E-7
0.0954000000000017, -9.314147049505256E-8
0.09550000000000171, -3.638730692630639E-7
0.09560000000000171, -1.2948815092151064E-7
0.09570000000000171, 2.8435039956865763E-7
0.09580000000000172, 3.032811987962332E-7
0.09590000000000172, -9.860693246037929E-8
0.09600000000000172, -3.6331665637051153E-7
0.09610000000000173, -1.2368730190909205E-7
0.09620000000000173, 2.8734230341903384E-7
0.09630000000000173, 2.9931542533167924E-7
0.09640000000000173, -1.0402162344103055E-7
0.09650000000000174, -3.626660913130708E-7
0.09660000000000174, -1.1787959446901048E-7
0.09670000000000174, 2.902443344377315E-7
0.09680000000000175, 2.9528783312286067E-7
0.09690000000000175, -1.0938433096371232E-7
0.09700000000000175, -3.6192196988854603E-7
0.09710000000000175, -1.1206660437542942E-7
0.09720000000000176, 2.930561241385076E-7
0.09730000000000176, 2.911997711593089E-7
0.09740000000000176, -1.14693861827769E-7
0.09750000000000177, -3.610849101077785E-7
0.09760000000000177, -1.0624990173307497E-7
0.09770000000000177, 2.957773296956039E-7
0.09780000000000177, 2.870525984598635E-7
0.09790000000000178, -1.1994904233583748E-7
0.09800000000000178, -3.60155551930499E-7
0.09810000000000178, -1.0043105058438494E-7
0.09820000000000179, 2.984076339201227E-7
0.09830000000000179, 2.828476836664982E-7
0.09840000000000179, -1.2514871851905418E-7
0.0985000000000018, -3.59134556996534E-7
0.0986000000000018, -9.461160852128227E-8
0.0987000000000018, 3.009467452289204E-7
0.0988000000000018, 2.7858640463663096E-7
0.0989000000000018, -1.3029175635483875E-7
0.09900000000000181, -3.5802260835246614E-7
0.09910000000000181, -8.879312629915597E-8
0.09920000000000181, 3.0339439760753415E-7
0.09930000000000182, 2.742701480356072E-7
0.09940000000000182, -1.3537704197962714E-7
0.09950000000000182, -3.568204101737907E-7
0.09960000000000183, -8.29771474556489E-8
0.09970000000000183, 3.0575035056600393E-7
0.09980000000000183, 2.6990030892786166E-7
0.09990000000000183, -1.404034818940633E-7
